160
4 28 2 4 9
4 35 30 37 39
4 93 42 43 49
4 97 51 53 57
4 190 58 62 63
4 196 67 68 74
4 197 75 77 82
4 252 83 84 85
4 286 87 88 94
4 333 96 98 102
4 369 103 110 118
4 420 122 125 126
4 423 127 130 131
4 441 133 134 135
4 12 1 137 140
4 33 7 142 143
4 47 8 145 146
4 165 11 150 157
4 300 3 161 167
4 326 0 168 169
4 482 5 171 173
4 14 10 176 178
4 21 20 179 183
4 256 19 184 191
4 299 15 194 202
4 306 17 205 206
4 315 6 209 211
4 322 48 215 216
4 330 13 220 222
4 454 141 223 224
4 279 36 227 228
4 421 46 229 232
4 86 73 238 239
4 154 72 241 243
4 212 182 246 248
4 352 334 250 253
4 358 34 255 257
4 414 38 260 262
4 189 108 265 270
4 492 162 272 275
4 120 219 281 287
4 156 111 290 291
4 158 213 293 296
4 170 177 23 297
4 301 266 303 305
4 319 329 308 309
4 337 350 312 313
4 410 298 314 316
4 462 52 317 318
4 64 371 321 323
4 484 65 31 327
4 495 175 331 335
4 443 240 338 340
4 155 166 342 343
4 234 264 24 344
4 261 210 32 346
4 310 463 18 349
4 376 452 354 355
4 486 113 16 357
4 221 71 29 366
3 451 360 27
3 434 203 117
3 448 193 185
3 475 294 41
3 147 187 114
3 181 356 25
3 258 396 123
3 277 445 95
3 311 159 149
3 324 61 214
3 387 90 439
3 419 498 136
3 433 60 79
3 473 288 80
3 499 430 124
3 208 236 54
3 231 242 56
3 249 201 69
3 273 89 99
3 367 384 59
3 385 268 160
3 455 263 472
3 199 163 115
3 320 336 474
3 405 271 104
3 409 362 139
3 292 105 218
3 188 180 394
3 276 302 55
3 278 328 235
3 364 353 192
3 375 121 251
3 391 345 91
3 397 392 449
3 399 283 116
3 400 230 422
3 403 225 148
3 427 348 259
3 431 407 107
3 437 459 128
3 438 467 138
3 447 388 274
3 412 66 200
3 429 92 207
3 424 101 289
3 497 172 295
3 351 129 106
3 442 195 401
3 444 269 144
3 22 245 359
3 186 282 152
3 217 468 174
3 332 490 284
3 341 26 100
3 347 109 365
3 372 40 377
3 411 112 390
3 432 226 119
3 237 76 70
3 267 44 132
2 339 153
2 378 164
2 450 78
2 494 244
2 254 198
2 280 151
2 285 233
2 363 307
2 373 395
2 425 325
2 446 81
2 453 379
2 460 45
2 50 368
2 204 408
2 247 415
2 361 417
2 461 457
2 304 485
2 383 370
2 418 488
2 428 381
2 469 382
2 476 426
2 458 374
2 477 465
2 481 470
2 493 496
2 398 406
2 413 435
2 440 456
2 466 483
2 489 386
2 393 380
2 404 402
2 478 436
2 487 464
2 491 479
2 480 389
2 416 471
